300 242 381 324  0.75
437 202 541 274  0.66
56 240 166 301 0.88
250 208 360 265  0.57
264 248 343 327  0.75
429 209 535 272  0.66
60 236 161 290 0.88
258 224 358 257  0.57
289 249 373 330  0.75
458 215 565 285  0.66
81 228 188 289 0.88
281 219 386 263  0.57
337 263 425 347  0.81
467 229 571 297  0.92
98 244 204 314 0.66
281 233 385 279  0.69
356 260 431 343  0.82
442 224 535 282  0.89
94 261 202 327 0.78
253 239 367 277  0.75
432 249 512 336  0.86
485 212 589 272  0.87
156 252 267 319  0.84
296 228 402 270  0.75
440 223 523 305  0.86
478 193 573 249  0.87
159 232 270 298  0.84
287 210 388 248  0.75
486 226 564 295  0.86
474 192 567 238  0.87
221 231 325 296  0.84
296 207 395 244  0.75
526 206 589 267  0.86
479 175 568 226  0.87
285 224 384 285  0.84
315 206 405 235  0.75
278 225 381 280  0.86
425 169 503 217  0.87
278 225 381 280  0.84
266 198 363 234  0.75
434 188 493 240  0.86
350 166 427 209  0.87
243 215 350 281  0.84
202 196 298 230  0.75
424 185 480 237  0.86
322 165 394 211  0.87
272 220 380 280  0.84
181 203 287 240  0.75
414 158 473 216  0.86
299 144 371 193  0.87
300 201 412 265  0.84
166 185 276 226  0.75
377 157 432 206  0.86
248 150 315 197  0.87
302 199 408 264  0.84
128 195 240 236  0.75
355 170 406 217  0.86
210 164 283 207  0.87
312 213 418 270  0.84
107 215 232 254  0.75
354 161 406 215  0.86
193 157 270 207  0.87
346 210 453 271  0.84
103 215 231 259  0.75
367 181 422 232  0.86
187 175 269 230  0.87
398 231 514 298  0.84
109 237 253 294  0.75
368 183 427 236  0.86
180 181 266 240  0.87
448 227 566 300  0.84
142 254 291 313  0.75
388 182 446 238  0.86
181 185 278 252  0.87
518 216 636 294  0.84
193 257 360 339  0.75
376 178 431 234  0.86
156 178 261 239  0.87
529 214 638 292  0.84
206 258 386 342  0.75
365 185 413 240  0.86
146 199 257 269  0.87
543 210 635 280  0.84
268 273 454 354  0.75
373 160 422 208  0.86
166 175 286 253  0.87
562 177 638 236  0.84
349 242 537 319  0.75
314 143 365 193  0.86
120 156 240 234  0.87
488 163 579 213  0.84
324 216 499 298  0.75
262 153 311 203  0.86
104 173 218 249  0.87
424 162 495 208  0.84
315 217 460 274  0.75
283 162 325 202  0.86
164 181 268 244  0.87
431 166 495 204  0.84
370 209 495 261  0.75
288 153 325 190  0.86
198 171 298 235  0.87
425 154 488 191  0.84
400 198 512 246  0.75
241 161 282 198  0.86
178 180 277 249  0.87
373 159 433 194  0.84
373 201 478 245  0.75
267 172 306 208  0.86
240 189 341 251  0.87
388 168 444 202  0.84
417 202 520 247  0.75
271 173 308 210  0.86
270 196 369 262  0.87
382 164 439 200  0.84
436 204 540 249  0.75
243 179 287 226  0.86
288 199 391 266  0.87
344 167 396 201  0.84
419 198 521 242  0.75
251 190 297 236  0.86
316 203 419 269  0.87
340 178 391 212  0.84
427 203 528 248  0.75
262 188 313 241  0.86
382 200 489 275  0.87
324 174 385 209  0.84
451 194 544 232  0.75
218 184 271 236  0.86
365 187 469 253  0.87
259 171 314 201  0.84
397 183 481 211  0.75
236 196 291 247  0.86
404 196 517 264  0.87
255 178 312 211  0.84
396 193 484 223  0.75
251 215 303 270  0.86
437 210 555 286  0.87
249 193 310 223  0.84
399 207 486 239  0.75
